Litologia     codigo      prof  dens       gama       rho        vel
    
folhelho        1           1   2.57E+00   9.69E+01   9.29E+03   2.78E+00
folhelho        1           2   2.52E+00   1.05E+02   1.02E+04   2.84E+00
folhelho        1           3   2.55E+00   9.51E+01   9.93E+03   2.96E+00
folhelho        1           4   2.53E+00   9.71E+01   9.93E+03   3.15E+00
folhelho        1           5   2.58E+00   9.49E+01   1.03E+04   2.96E+00
folhelho        1           6   2.51E+00   9.94E+01   9.94E+03   2.83E+00
folhelho        1           7   2.51E+00   1.06E+02   1.04E+04   3.01E+00
folhelho        1           8   2.58E+00   1.07E+02   1.01E+04   3.14E+00
folhelho        1           9   2.57E+00   9.55E+01   1.04E+04   2.59E+00
folhelho        1          10   2.52E+00   9.83E+01   1.07E+04   3.06E+00
folhelho        1          11   2.63E+00   9.85E+01   1.07E+04   3.39E+00
folhelho        1          12   2.57E+00   9.28E+01   9.62E+03   2.91E+00
folhelho        1          13   2.56E+00   9.63E+01   9.64E+03   2.78E+00
folhelho        1          14   2.52E+00   9.72E+01   1.06E+04   3.27E+00
folhelho        1          15   2.58E+00   9.75E+01   1.07E+04   3.22E+00
folhelho        1          16   2.54E+00   9.92E+01   1.00E+04   3.09E+00
folhelho        1          17   2.49E+00   1.01E+02   1.01E+04   2.65E+00
folhelho        1          18   2.55E+00   9.85E+01   9.30E+03   2.85E+00
folhelho        1          19   2.49E+00   1.01E+02   9.90E+03   3.30E+00
folhelho        1          20   2.55E+00   9.74E+01   9.95E+03   2.95E+00
folhelho        1          21   2.59E+00   9.33E+01   9.92E+03   2.79E+00
folhelho        1          22   2.54E+00   9.58E+01   9.65E+03   2.78E+00
folhelho        1          23   2.54E+00   1.05E+02   8.94E+03   2.90E+00
folhelho        1          24   2.55E+00   1.00E+02   9.80E+03   3.03E+00
folhelho        1          25   2.56E+00   1.04E+02   9.75E+03   3.34E+00
folhelho        1          26   2.55E+00   9.65E+01   1.01E+04   2.96E+00
folhelho        1          27   2.54E+00   1.02E+02   9.93E+03   2.95E+00
folhelho        1          28   2.51E+00   9.80E+01   1.08E+04   3.07E+00
folhelho        1          29   2.57E+00   9.91E+01   9.21E+03   2.82E+00
folhelho        1          30   2.55E+00   1.06E+02   1.07E+04   3.17E+00
folhelho        1          31   2.51E+00   9.93E+01   1.06E+04   3.22E+00
folhelho        1          32   2.52E+00   1.05E+02   1.07E+04   2.63E+00
folhelho        1          33   2.47E+00   9.39E+01   9.92E+03   3.27E+00
folhelho        1          34   2.49E+00   1.04E+02   9.36E+03   3.01E+00
folhelho        1          35   2.58E+00   1.14E+02   9.28E+03   3.35E+00
folhelho        1          36   2.58E+00   9.86E+01   9.21E+03   3.02E+00
folhelho        1          37   2.56E+00   1.12E+02   1.01E+04   3.09E+00
folhelho        1          38   2.54E+00   9.52E+01   9.67E+03   2.86E+00
folhelho        1          39   2.54E+00   1.01E+02   1.03E+04   3.07E+00
folhelho        1          40   2.56E+00   9.09E+01   1.03E+04   3.16E+00
folhelho        1          41   2.55E+00   9.72E+01   8.36E+03   2.96E+00
folhelho        1          42   2.55E+00   9.92E+01   1.11E+04   2.80E+00
folhelho        1          43   2.56E+00   1.03E+02   1.07E+04   3.34E+00
folhelho        1          44   2.55E+00   9.62E+01   9.96E+03   2.85E+00
folhelho        1          45   2.47E+00   1.02E+02   9.93E+03   3.19E+00
folhelho        1          46   2.53E+00   9.35E+01   9.84E+03   2.87E+00
folhelho        1          47   2.56E+00   1.09E+02   9.28E+03   3.21E+00
folhelho        1          48   2.53E+00   9.12E+01   1.01E+04   2.83E+00
folhelho        1          49   2.56E+00   9.96E+01   1.07E+04   3.31E+00
folhelho        1          50   2.58E+00   9.62E+01   1.02E+04   2.89E+00
dolomita        2          51   2.70E+00   8.16E+00   3.54E+03   6.39E+00
dolomita        2          52   2.72E+00   7.83E+00   3.47E+03   5.59E+00
dolomita        2          53   2.71E+00   8.12E+00   3.25E+03   6.29E+00
dolomita        2          54   2.74E+00   7.97E+00   3.40E+03   6.22E+00
dolomita        2          55   2.71E+00   8.68E+00   3.56E+03   6.22E+00
dolomita        2          56   2.73E+00   7.90E+00   3.43E+03   6.31E+00
dolomita        2          57   2.74E+00   8.41E+00   3.50E+03   5.90E+00
dolomita        2          58   2.72E+00   8.23E+00   3.55E+03   6.28E+00
dolomita        2          59   2.70E+00   9.04E+00   3.45E+03   6.16E+00
dolomita        2          60   2.71E+00   8.40E+00   3.55E+03   6.14E+00
dolomita        2          61   2.76E+00   8.45E+00   3.55E+03   5.59E+00
dolomita        2          62   2.69E+00   8.66E+00   3.54E+03   6.31E+00
dolomita        2          63   2.73E+00   8.23E+00   3.71E+03   5.57E+00
dolomita        2          64   2.72E+00   8.41E+00   3.11E+03   6.05E+00
dolomita        2          65   2.74E+00   7.83E+00   3.40E+03   6.08E+00
dolomita        2          66   2.72E+00   7.84E+00   3.70E+03   5.96E+00
dolomita        2          67   2.68E+00   8.88E+00   3.06E+03   6.10E+00
dolomita        2          68   2.68E+00   8.36E+00   3.58E+03   5.99E+00
dolomita        2          69   2.68E+00   8.01E+00   3.25E+03   6.05E+00
dolomita        2          70   2.70E+00   8.10E+00   3.48E+03   5.69E+00
dolomita        2          71   2.72E+00   7.97E+00   3.51E+03   6.08E+00
dolomita        2          72   2.74E+00   7.71E+00   3.17E+03   5.72E+00
dolomita        2          73   2.75E+00   8.20E+00   3.47E+03   5.83E+00
dolomita        2          74   2.71E+00   8.23E+00   3.24E+03   5.13E+00
dolomita        2          75   2.73E+00   8.50E+00   3.59E+03   6.05E+00
dolomita        2          76   2.71E+00   8.02E+00   3.57E+03   5.99E+00
dolomita        2          77   2.69E+00   8.55E+00   3.29E+03   5.97E+00
dolomita        2          78   2.71E+00   8.24E+00   3.60E+03   5.52E+00
dolomita        2          79   2.75E+00   8.30E+00   3.51E+03   6.19E+00
dolomita        2          80   2.72E+00   8.26E+00   3.40E+03   5.71E+00
dolomita        2          81   2.73E+00   8.38E+00   3.74E+03   5.69E+00
dolomita        2          82   2.72E+00   8.17E+00   3.57E+03   5.94E+00
dolomita        2          83   2.69E+00   8.31E+00   3.42E+03   6.14E+00
dolomita        2          84   2.71E+00   8.49E+00   3.46E+03   6.55E+00
dolomita        2          85   2.69E+00   7.90E+00   3.41E+03   6.04E+00
dolomita        2          86   2.73E+00   8.39E+00   3.70E+03   5.61E+00
dolomita        2          87   2.69E+00   8.73E+00   3.53E+03   6.10E+00
dolomita        2          88   2.67E+00   8.36E+00   3.57E+03   6.29E+00
dolomita        2          89   2.73E+00   7.79E+00   3.67E+03   5.28E+00
dolomita        2          90   2.72E+00   8.57E+00   3.74E+03   6.21E+00
dolomita        2          91   2.73E+00   7.82E+00   3.65E+03   6.03E+00
dolomita        2          92   2.70E+00   9.07E+00   3.75E+03   5.98E+00
dolomita        2          93   2.73E+00   7.87E+00   3.41E+03   6.35E+00
dolomita        2          94   2.72E+00   8.51E+00   3.46E+03   5.87E+00
dolomita        2          95   2.72E+00   8.20E+00   3.92E+03   5.79E+00
dolomita        2          96   2.75E+00   7.44E+00   3.23E+03   6.30E+00
dolomita        2          97   2.76E+00   8.48E+00   3.47E+03   5.93E+00
dolomita        2          98   2.72E+00   9.07E+00   3.46E+03   6.57E+00
dolomita        2          99   2.76E+00   7.46E+00   3.29E+03   5.64E+00
dolomita        2         100   2.74E+00   8.32E+00   3.46E+03   6.10E+00
dolomita        2         101   2.73E+00   8.50E+00   3.69E+03   6.07E+00
dolomita        2         102   2.76E+00   8.46E+00   3.71E+03   6.06E+00
dolomita        2         103   2.71E+00   7.70E+00   3.09E+03   6.28E+00
dolomita        2         104   2.73E+00   7.77E+00   3.25E+03   5.65E+00
dolomita        2         105   2.81E+00   8.49E+00   3.16E+03   6.03E+00
dolomita        2         106   2.72E+00   8.48E+00   3.46E+03   5.75E+00
dolomita        2         107   2.69E+00   7.80E+00   3.08E+03   6.30E+00
dolomita        2         108   2.73E+00   7.75E+00   3.30E+03   5.75E+00
dolomita        2         109   2.72E+00   8.32E+00   3.17E+03   5.55E+00
dolomita        2         110   2.71E+00   8.27E+00   3.34E+03   5.92E+00
dolomita        2         111   2.72E+00   7.96E+00   3.57E+03   5.82E+00
dolomita        2         112   2.75E+00   8.27E+00   3.71E+03   5.87E+00
dolomita        2         113   2.66E+00   8.48E+00   3.42E+03   5.85E+00
dolomita        2         114   2.70E+00   7.79E+00   3.62E+03   5.63E+00
dolomita        2         115   2.69E+00   8.26E+00   3.72E+03   6.27E+00
dolomita        2         116   2.75E+00   8.44E+00   3.88E+03   5.87E+00
dolomita        2         117   2.79E+00   8.31E+00   3.58E+03   6.01E+00
dolomita        2         118   2.74E+00   7.73E+00   3.64E+03   5.67E+00
dolomita        2         119   2.75E+00   7.61E+00   3.30E+03   5.68E+00
dolomita        2         120   2.74E+00   8.80E+00   3.87E+03   5.71E+00
dolomita        2         121   2.73E+00   8.66E+00   3.34E+03   6.32E+00
dolomita        2         122   2.67E+00   8.07E+00   3.65E+03   6.27E+00
dolomita        2         123   2.67E+00   8.06E+00   3.26E+03   6.69E+00
dolomita        2         124   2.68E+00   8.65E+00   3.40E+03   6.32E+00
dolomita        2         125   2.74E+00   9.32E+00   3.53E+03   6.00E+00
dolomita        2         126   2.72E+00   8.59E+00   3.82E+03   5.60E+00
dolomita        2         127   2.68E+00   8.52E+00   3.76E+03   6.40E+00
dolomita        2         128   2.67E+00   8.47E+00   3.74E+03   6.25E+00
dolomita        2         129   2.68E+00   8.31E+00   3.56E+03   5.89E+00
dolomita        2         130   2.73E+00   8.11E+00   3.61E+03   6.12E+00
dolomita        2         131   2.71E+00   7.37E+00   3.40E+03   5.80E+00
dolomita        2         132   2.71E+00   7.79E+00   3.42E+03   5.77E+00
dolomita        2         133   2.68E+00   8.07E+00   3.48E+03   5.96E+00
dolomita        2         134   2.73E+00   7.94E+00   3.56E+03   6.67E+00
dolomita        2         135   2.73E+00   8.82E+00   3.59E+03   5.58E+00
dolomita        2         136   2.73E+00   8.14E+00   3.73E+03   6.28E+00
dolomita        2         137   2.72E+00   8.30E+00   3.51E+03   6.33E+00
dolomita        2         138   2.72E+00   8.44E+00   3.52E+03   5.63E+00
dolomita        2         139   2.67E+00   8.47E+00   3.58E+03   6.62E+00
diabasio        3         140   2.84E+00   3.23E+01   1.59E+08   5.66E+00
diabasio        3         141   2.87E+00   3.21E+01   1.53E+08   5.44E+00
diabasio        3         142   2.90E+00   2.95E+01   1.43E+08   5.12E+00
diabasio        3         143   2.92E+00   3.18E+01   1.51E+08   6.10E+00
diabasio        3         144   2.90E+00   3.22E+01   1.58E+08   5.50E+00
diabasio        3         145   2.92E+00   3.28E+01   1.25E+08   5.60E+00
diabasio        3         146   2.87E+00   3.21E+01   1.33E+08   5.78E+00
diabasio        3         147   2.92E+00   3.05E+01   1.47E+08   5.36E+00
diabasio        3         148   2.89E+00   2.94E+01   1.55E+08   5.72E+00
diabasio        3         149   2.95E+00   2.96E+01   1.69E+08   5.38E+00
diabasio        3         150   2.92E+00   2.85E+01   1.52E+08   5.98E+00
diabasio        3         151   2.94E+00   2.93E+01   1.48E+08   5.74E+00
diabasio        3         152   2.92E+00   2.99E+01   1.56E+08   5.50E+00
diabasio        3         153   2.92E+00   3.15E+01   1.52E+08   5.69E+00
diabasio        3         154   2.88E+00   2.76E+01   1.50E+08   5.31E+00
diabasio        3         155   2.90E+00   2.63E+01   1.54E+08   4.99E+00
diabasio        3         156   3.00E+00   3.01E+01   1.52E+08   5.19E+00
diabasio        3         157   2.94E+00   2.81E+01   1.44E+08   5.65E+00
diabasio        3         158   2.93E+00   3.19E+01   1.27E+08   5.51E+00
diabasio        3         159   2.94E+00   3.18E+01   1.56E+08   5.58E+00
dolomita        2         160   2.75E+00   8.22E+00   3.70E+03   6.40E+00
dolomita        2         161   2.72E+00   7.80E+00   3.38E+03   6.04E+00
dolomita        2         162   2.71E+00   9.22E+00   3.71E+03   5.35E+00
dolomita        2         163   2.72E+00   8.10E+00   3.65E+03   5.86E+00
dolomita        2         164   2.76E+00   8.77E+00   3.25E+03   5.37E+00
dolomita        2         165   2.78E+00   8.66E+00   3.62E+03   5.71E+00
dolomita        2         166   2.76E+00   8.73E+00   3.39E+03   6.26E+00
dolomita        2         167   2.70E+00   7.83E+00   3.54E+03   5.58E+00
dolomita        2         168   2.71E+00   8.21E+00   3.50E+03   6.04E+00
dolomita        2         169   2.73E+00   8.55E+00   3.56E+03   6.38E+00
dolomita        2         170   2.70E+00   7.81E+00   3.26E+03   5.77E+00
dolomita        2         171   2.77E+00   8.77E+00   3.28E+03   5.61E+00
dolomita        2         172   2.72E+00   8.90E+00   3.36E+03   5.86E+00
dolomita        2         173   2.73E+00   7.94E+00   3.78E+03   5.69E+00
dolomita        2         174   2.72E+00   8.63E+00   3.16E+03   5.89E+00
dolomita        2         175   2.68E+00   8.19E+00   3.49E+03   6.07E+00
dolomita        2         176   2.71E+00   8.08E+00   3.25E+03   6.21E+00
dolomita        2         177   2.74E+00   7.77E+00   3.54E+03   5.73E+00
dolomita        2         178   2.79E+00   7.83E+00   3.29E+03   5.80E+00
dolomita        2         179   2.70E+00   8.05E+00   3.48E+03   6.20E+00
dolomita        2         180   2.71E+00   9.28E+00   3.33E+03   5.73E+00
dolomita        2         181   2.68E+00   7.98E+00   3.36E+03   6.33E+00
dolomita        2         182   2.69E+00   7.45E+00   3.65E+03   6.05E+00
dolomita        2         183   2.73E+00   8.43E+00   3.69E+03   5.61E+00
dolomita        2         184   2.74E+00   8.66E+00   3.27E+03   5.90E+00
dolomita        2         185   2.72E+00   8.47E+00   3.48E+03   6.34E+00
dolomita        2         186   2.70E+00   7.74E+00   3.28E+03   5.97E+00
dolomita        2         187   2.73E+00   7.43E+00   3.66E+03   5.65E+00
dolomita        2         188   2.65E+00   8.07E+00   3.54E+03   6.02E+00
dolomita        2         189   2.68E+00   8.69E+00   3.22E+03   5.98E+00
dolomita        2         190   2.74E+00   8.43E+00   3.75E+03   6.06E+00
dolomita        2         191   2.71E+00   7.53E+00   3.26E+03   6.31E+00
dolomita        2         192   2.76E+00   8.81E+00   3.67E+03   6.54E+00
dolomita        2         193   2.69E+00   8.38E+00   3.49E+03   5.07E+00
dolomita        2         194   2.70E+00   8.20E+00   3.53E+03   5.82E+00
dolomita        2         195   2.63E+00   8.66E+00   3.45E+03   6.50E+00
dolomita        2         196   2.70E+00   7.57E+00   3.51E+03   5.96E+00
dolomita        2         197   2.77E+00   7.85E+00   3.48E+03   5.36E+00
dolomita        2         198   2.71E+00   7.76E+00   3.32E+03   5.64E+00
dolomita        2         199   2.72E+00   8.37E+00   3.54E+03   5.90E+00
conglomerado    4         200   2.35E+00   1.01E+02   6.34E+03   1.87E+00
conglomerado    4         201   2.35E+00   9.49E+01   5.74E+03   1.98E+00
conglomerado    4         202   2.27E+00   8.92E+01   6.31E+03   2.07E+00
conglomerado    4         203   2.30E+00   1.02E+02   5.69E+03   1.88E+00
conglomerado    4         204   2.29E+00   1.10E+02   5.39E+03   2.00E+00
conglomerado    4         205   2.33E+00   1.01E+02   5.03E+03   2.02E+00
conglomerado    4         206   2.27E+00   9.66E+01   6.29E+03   1.92E+00
conglomerado    4         207   2.29E+00   1.02E+02   6.03E+03   2.03E+00
conglomerado    4         208   2.29E+00   1.04E+02   6.15E+03   2.05E+00
conglomerado    4         209   2.32E+00   1.03E+02   5.71E+03   2.14E+00
conglomerado    4         210   2.30E+00   9.99E+01   6.11E+03   1.91E+00
conglomerado    4         211   2.29E+00   8.92E+01   5.86E+03   1.76E+00
conglomerado    4         212   2.29E+00   1.01E+02   5.98E+03   1.99E+00
conglomerado    4         213   2.24E+00   9.86E+01   6.31E+03   2.12E+00
conglomerado    4         214   2.30E+00   1.06E+02   6.22E+03   2.13E+00
conglomerado    4         215   2.33E+00   9.37E+01   6.02E+03   2.25E+00
conglomerado    4         216   2.28E+00   1.05E+02   5.42E+03   1.85E+00
conglomerado    4         217   2.30E+00   1.06E+02   5.96E+03   2.10E+00
conglomerado    4         218   2.31E+00   1.06E+02   5.91E+03   2.08E+00
conglomerado    4         219   2.33E+00   1.06E+02   5.85E+03   2.08E+00
conglomerado    4         220   2.30E+00   9.45E+01   5.85E+03   1.99E+00
conglomerado    4         221   2.28E+00   1.03E+02   6.32E+03   2.24E+00
conglomerado    4         222   2.29E+00   1.03E+02   6.36E+03   2.07E+00
conglomerado    4         223   2.29E+00   1.07E+02   6.06E+03   1.98E+00
conglomerado    4         224   2.32E+00   1.01E+02   5.99E+03   2.11E+00
conglomerado    4         225   2.30E+00   9.59E+01   6.20E+03   1.87E+00
conglomerado    4         226   2.30E+00   9.83E+01   5.86E+03   1.89E+00
conglomerado    4         227   2.29E+00   9.81E+01   5.89E+03   2.13E+00
conglomerado    4         228   2.25E+00   1.06E+02   5.86E+03   2.13E+00
conglomerado    4         229   2.30E+00   1.01E+02   5.93E+03   1.87E+00
conglomerado    4         230   2.29E+00   1.02E+02   6.04E+03   1.86E+00
conglomerado    4         231   2.29E+00   9.77E+01   5.99E+03   2.02E+00
conglomerado    4         232   2.29E+00   1.03E+02   5.33E+03   1.97E+00
conglomerado    4         233   2.32E+00   9.39E+01   6.07E+03   2.13E+00
conglomerado    4         234   2.29E+00   9.31E+01   6.56E+03   1.86E+00
conglomerado    4         235   2.32E+00   9.47E+01   5.56E+03   1.87E+00
conglomerado    4         236   2.29E+00   1.04E+02   5.87E+03   2.16E+00
conglomerado    4         237   2.32E+00   9.57E+01   5.89E+03   1.90E+00
conglomerado    4         238   2.30E+00   1.00E+02   6.33E+03   2.01E+00
conglomerado    4         239   2.28E+00   1.01E+02   5.87E+03   2.10E+00
conglomerado    4         240   2.31E+00   9.19E+01   5.95E+03   1.87E+00
conglomerado    4         241   2.28E+00   9.82E+01   5.64E+03   2.05E+00
conglomerado    4         242   2.30E+00   1.07E+02   6.65E+03   2.06E+00
conglomerado    4         243   2.29E+00   1.06E+02   5.63E+03   1.86E+00
conglomerado    4         244   2.29E+00   9.70E+01   5.86E+03   2.22E+00
conglomerado    4         245   2.35E+00   1.08E+02   5.91E+03   2.21E+00
conglomerado    4         246   2.33E+00   1.02E+02   6.03E+03   1.97E+00
conglomerado    4         247   2.33E+00   9.27E+01   6.49E+03   1.97E+00
conglomerado    4         248   2.31E+00   1.10E+02   5.97E+03   1.90E+00
conglomerado    4         249   2.30E+00   1.02E+02   6.10E+03   1.99E+00
conglomerado    4         250   2.30E+00   9.75E+01   5.46E+03   1.87E+00
conglomerado    4         251   2.32E+00   9.28E+01   6.31E+03   2.08E+00
conglomerado    4         252   2.33E+00   1.05E+02   6.06E+03   2.11E+00
conglomerado    4         253   2.33E+00   8.89E+01   5.92E+03   2.03E+00
conglomerado    4         254   2.33E+00   1.03E+02   6.41E+03   2.03E+00
conglomerado    4         255   2.28E+00   1.05E+02   5.65E+03   2.08E+00
conglomerado    4         256   2.32E+00   1.04E+02   5.91E+03   1.91E+00
conglomerado    4         257   2.29E+00   9.89E+01   5.69E+03   2.00E+00
conglomerado    4         258   2.27E+00   1.04E+02   6.20E+03   1.88E+00
conglomerado    4         259   2.27E+00   1.03E+02   5.94E+03   1.97E+00
conglomerado    4         260   2.30E+00   1.04E+02   6.19E+03   1.95E+00
conglomerado    4         261   2.25E+00   1.05E+02   5.28E+03   2.19E+00
conglomerado    4         262   2.31E+00   1.12E+02   6.07E+03   1.88E+00
conglomerado    4         263   2.31E+00   1.00E+02   6.00E+03   2.14E+00
conglomerado    4         264   2.27E+00   1.01E+02   6.68E+03   1.98E+00
conglomerado    4         265   2.29E+00   9.85E+01   6.13E+03   2.05E+00
conglomerado    4         266   2.30E+00   9.39E+01   6.40E+03   2.12E+00
conglomerado    4         267   2.26E+00   1.03E+02   5.76E+03   1.92E+00
conglomerado    4         268   2.29E+00   1.00E+02   5.57E+03   2.06E+00
conglomerado    4         269   2.30E+00   9.91E+01   6.10E+03   1.94E+00
conglomerado    4         270   2.30E+00   9.36E+01   5.59E+03   1.93E+00
conglomerado    4         271   2.27E+00   9.52E+01   5.94E+03   1.95E+00
conglomerado    4         272   2.29E+00   1.06E+02   5.74E+03   1.99E+00
conglomerado    4         273   2.25E+00   9.87E+01   5.91E+03   2.18E+00
conglomerado    4         274   2.30E+00   1.05E+02   5.80E+03   2.11E+00
conglomerado    4         275   2.32E+00   9.64E+01   5.86E+03   2.16E+00
conglomerado    4         276   2.32E+00   9.39E+01   5.93E+03   2.12E+00
conglomerado    4         277   2.32E+00   1.02E+02   6.18E+03   2.02E+00
conglomerado    4         278   2.36E+00   9.93E+01   6.59E+03   1.96E+00
conglomerado    4         279   2.28E+00   9.94E+01   5.73E+03   2.04E+00
conglomerado    4         280   2.30E+00   1.05E+02   6.53E+03   2.22E+00
conglomerado    4         281   2.31E+00   1.06E+02   6.30E+03   2.00E+00
conglomerado    4         282   2.32E+00   9.96E+01   6.00E+03   1.94E+00
conglomerado    4         283   2.31E+00   1.02E+02   6.02E+03   2.04E+00
conglomerado    4         284   2.33E+00   8.96E+01   6.03E+03   2.13E+00
conglomerado    4         285   2.31E+00   1.09E+02   6.72E+03   1.92E+00
conglomerado    4         286   2.31E+00   9.62E+01   6.74E+03   2.05E+00
conglomerado    4         287   2.30E+00   9.19E+01   5.84E+03   2.05E+00
conglomerado    4         288   2.31E+00   1.01E+02   5.85E+03   1.98E+00
conglomerado    4         289   2.29E+00   9.45E+01   6.37E+03   1.81E+00
conglomerado    4         290   2.36E+00   9.79E+01   5.74E+03   1.96E+00
conglomerado    4         291   2.31E+00   1.12E+02   6.56E+03   2.02E+00
conglomerado    4         292   2.25E+00   1.06E+02   6.10E+03   1.86E+00
conglomerado    4         293   2.29E+00   9.92E+01   6.63E+03   1.95E+00
conglomerado    4         294   2.29E+00   9.76E+01   6.48E+03   2.15E+00
conglomerado    4         295   2.33E+00   1.05E+02   5.95E+03   2.08E+00
conglomerado    4         296   2.32E+00   9.88E+01   6.15E+03   1.98E+00
conglomerado    4         297   2.29E+00   9.41E+01   5.60E+03   1.97E+00
conglomerado    4         298   2.28E+00   9.95E+01   6.22E+03   1.99E+00
conglomerado    4         299   2.32E+00   9.25E+01   6.02E+03   2.12E+00
conglomerado    4         300   2.27E+00   9.23E+01   6.23E+03   2.05E+00
conglomerado    4         301   2.32E+00   9.72E+01   6.70E+03   1.98E+00
conglomerado    4         302   2.29E+00   1.05E+02   6.34E+03   1.94E+00
conglomerado    4         303   2.34E+00   9.62E+01   5.81E+03   2.02E+00
conglomerado    4         304   2.28E+00   9.65E+01   6.56E+03   1.98E+00
conglomerado    4         305   2.30E+00   1.06E+02   5.79E+03   2.04E+00
conglomerado    4         306   2.29E+00   1.06E+02   6.39E+03   2.06E+00
conglomerado    4         307   2.27E+00   9.62E+01   6.09E+03   2.18E+00
conglomerado    4         308   2.31E+00   9.43E+01   6.36E+03   1.87E+00
conglomerado    4         309   2.27E+00   8.92E+01   5.62E+03   2.19E+00
conglomerado    4         310   2.33E+00   9.94E+01   6.69E+03   1.76E+00
conglomerado    4         311   2.28E+00   1.05E+02   5.92E+03   2.06E+00
conglomerado    4         312   2.28E+00   9.73E+01   5.32E+03   2.02E+00
conglomerado    4         313   2.31E+00   1.05E+02   5.43E+03   2.17E+00
conglomerado    4         314   2.32E+00   9.86E+01   5.48E+03   1.80E+00
conglomerado    4         315   2.29E+00   9.46E+01   5.40E+03   1.85E+00
conglomerado    4         316   2.33E+00   9.27E+01   5.67E+03   1.94E+00
conglomerado    4         317   2.33E+00   9.67E+01   5.91E+03   1.94E+00
conglomerado    4         318   2.28E+00   1.07E+02   5.65E+03   1.99E+00
conglomerado    4         319   2.30E+00   1.06E+02   6.41E+03   2.08E+00
conglomerado    4         320   2.34E+00   9.37E+01   5.92E+03   2.23E+00
conglomerado    4         321   2.31E+00   1.02E+02   6.12E+03   2.04E+00
conglomerado    4         322   2.23E+00   8.79E+01   5.92E+03   1.97E+00
conglomerado    4         323   2.32E+00   9.91E+01   6.29E+03   2.22E+00
conglomerado    4         324   2.34E+00   1.06E+02   6.05E+03   1.98E+00
conglomerado    4         325   2.29E+00   9.82E+01   5.95E+03   2.23E+00
conglomerado    4         326   2.30E+00   1.05E+02   6.68E+03   2.02E+00
conglomerado    4         327   2.31E+00   9.41E+01   6.21E+03   1.95E+00
conglomerado    4         328   2.28E+00   1.07E+02   5.93E+03   2.19E+00
conglomerado    4         329   2.29E+00   1.04E+02   6.21E+03   2.04E+00
conglomerado    4         330   2.29E+00   9.56E+01   4.96E+03   1.85E+00
conglomerado    4         331   2.32E+00   9.95E+01   6.16E+03   1.91E+00
conglomerado    4         332   2.31E+00   1.01E+02   5.72E+03   1.94E+00
conglomerado    4         333   2.25E+00   1.04E+02   6.01E+03   2.02E+00
conglomerado    4         334   2.32E+00   1.03E+02   6.10E+03   1.90E+00
conglomerado    4         335   2.27E+00   9.68E+01   5.89E+03   2.32E+00
conglomerado    4         336   2.25E+00   8.91E+01   5.58E+03   2.07E+00
conglomerado    4         337   2.32E+00   9.85E+01   5.73E+03   1.96E+00
conglomerado    4         338   2.30E+00   9.44E+01   5.75E+03   1.89E+00
conglomerado    4         339   2.23E+00   1.07E+02   6.85E+03   2.10E+00
conglomerado    4         340   2.30E+00   9.57E+01   6.33E+03   2.06E+00
conglomerado    4         341   2.27E+00   9.81E+01   6.19E+03   1.96E+00
conglomerado    4         342   2.32E+00   1.07E+02   6.41E+03   1.95E+00
conglomerado    4         343   2.35E+00   9.76E+01   5.79E+03   2.04E+00
conglomerado    4         344   2.30E+00   1.02E+02   6.25E+03   1.98E+00
conglomerado    4         345   2.32E+00   1.01E+02   5.88E+03   2.14E+00
conglomerado    4         346   2.33E+00   1.01E+02   5.61E+03   1.85E+00
conglomerado    4         347   2.25E+00   9.91E+01   5.47E+03   1.87E+00
conglomerado    4         348   2.28E+00   9.29E+01   6.19E+03   2.00E+00
conglomerado    4         349   2.28E+00   9.66E+01   5.98E+03   1.88E+00
conglomerado    4         350   2.27E+00   1.05E+02   5.37E+03   1.89E+00
conglomerado    4         351   2.30E+00   9.39E+01   6.28E+03   1.96E+00
conglomerado    4         352   2.33E+00   9.96E+01   5.91E+03   2.07E+00
conglomerado    4         353   2.36E+00   9.78E+01   6.28E+03   1.78E+00
conglomerado    4         354   2.31E+00   9.63E+01   6.02E+03   2.04E+00
conglomerado    4         355   2.33E+00   1.02E+02   6.15E+03   1.99E+00
conglomerado    4         356   2.35E+00   9.34E+01   5.85E+03   2.16E+00
conglomerado    4         357   2.33E+00   9.31E+01   5.95E+03   2.16E+00
conglomerado    4         358   2.32E+00   9.81E+01   5.72E+03   1.94E+00
conglomerado    4         359   2.27E+00   1.05E+02   6.12E+03   1.97E+00
conglomerado    4         360   2.33E+00   1.03E+02   5.67E+03   2.14E+00
conglomerado    4         361   2.29E+00   9.98E+01   6.01E+03   1.92E+00
conglomerado    4         362   2.38E+00   1.06E+02   6.01E+03   1.98E+00
conglomerado    4         363   2.28E+00   1.02E+02   6.29E+03   1.96E+00
conglomerado    4         364   2.30E+00   8.94E+01   6.53E+03   1.97E+00
conglomerado    4         365   2.32E+00   1.02E+02   6.15E+03   2.05E+00
conglomerado    4         366   2.28E+00   1.05E+02   6.42E+03   1.76E+00
conglomerado    4         367   2.30E+00   1.07E+02   6.09E+03   2.07E+00
conglomerado    4         368   2.32E+00   9.69E+01   5.55E+03   1.90E+00
conglomerado    4         369   2.38E+00   1.01E+02   5.74E+03   2.02E+00
conglomerado    4         370   2.38E+00   9.65E+01   5.97E+03   1.96E+00
conglomerado    4         371   2.27E+00   9.39E+01   6.21E+03   1.85E+00
conglomerado    4         372   2.27E+00   1.00E+02   6.00E+03   1.94E+00
conglomerado    4         373   2.29E+00   9.97E+01   5.89E+03   2.12E+00
conglomerado    4         374   2.30E+00   9.29E+01   5.87E+03   2.04E+00
conglomerado    4         375   2.30E+00   9.70E+01   5.61E+03   2.08E+00
conglomerado    4         376   2.28E+00   9.03E+01   6.38E+03   2.09E+00
conglomerado    4         377   2.33E+00   1.09E+02   6.58E+03   2.07E+00
conglomerado    4         378   2.30E+00   1.05E+02   6.17E+03   1.87E+00
conglomerado    4         379   2.33E+00   1.05E+02   6.35E+03   1.99E+00
conglomerado    4         380   2.28E+00   9.38E+01   6.01E+03   2.06E+00
conglomerado    4         381   2.30E+00   9.40E+01   6.30E+03   1.91E+00
conglomerado    4         382   2.28E+00   9.77E+01   5.69E+03   1.89E+00
conglomerado    4         383   2.31E+00   9.76E+01   6.07E+03   1.86E+00
conglomerado    4         384   2.32E+00   1.10E+02   6.16E+03   1.89E+00
conglomerado    4         385   2.28E+00   1.01E+02   6.24E+03   1.98E+00
conglomerado    4         386   2.27E+00   1.03E+02   5.97E+03   2.02E+00
conglomerado    4         387   2.30E+00   9.95E+01   6.32E+03   2.03E+00
conglomerado    4         388   2.28E+00   9.94E+01   5.93E+03   1.95E+00
conglomerado    4         389   2.29E+00   8.46E+01   5.70E+03   2.11E+00
conglomerado    4         390   2.29E+00   9.80E+01   5.77E+03   2.03E+00
conglomerado    4         391   2.28E+00   8.84E+01   5.97E+03   2.12E+00
conglomerado    4         392   2.32E+00   1.03E+02   6.71E+03   2.10E+00
conglomerado    4         393   2.33E+00   1.07E+02   5.93E+03   2.04E+00
conglomerado    4         394   2.30E+00   9.78E+01   6.07E+03   1.78E+00
conglomerado    4         395   2.31E+00   1.07E+02   6.13E+03   1.97E+00
conglomerado    4         396   2.27E+00   1.06E+02   5.93E+03   1.76E+00
conglomerado    4         397   2.27E+00   1.17E+02   6.08E+03   2.01E+00
conglomerado    4         398   2.27E+00   1.01E+02   5.85E+03   1.96E+00
conglomerado    4         399   2.27E+00   9.51E+01   5.80E+03   2.13E+00
conglomerado    4         400   2.33E+00   1.01E+02   6.35E+03   1.98E+00
conglomerado    4         401   2.29E+00   9.78E+01   6.17E+03   1.96E+00
conglomerado    4         402   2.33E+00   1.02E+02   5.88E+03   2.10E+00
conglomerado    4         403   2.28E+00   9.73E+01   6.96E+03   2.04E+00
conglomerado    4         404   2.28E+00   1.13E+02   6.05E+03   2.01E+00
conglomerado    4         405   2.34E+00   1.02E+02   5.71E+03   2.01E+00
conglomerado    4         406   2.33E+00   1.02E+02   5.84E+03   2.03E+00
conglomerado    4         407   2.29E+00   9.99E+01   5.70E+03   1.95E+00
conglomerado    4         408   2.27E+00   1.02E+02   5.72E+03   1.99E+00
conglomerado    4         409   2.30E+00   9.50E+01   6.47E+03   1.82E+00
conglomerado    4         410   2.29E+00   8.88E+01   6.44E+03   2.02E+00
conglomerado    4         411   2.31E+00   9.32E+01   6.00E+03   2.04E+00
conglomerado    4         412   2.23E+00   9.77E+01   6.43E+03   1.86E+00
conglomerado    4         413   2.28E+00   1.12E+02   6.35E+03   2.05E+00
conglomerado    4         414   2.29E+00   9.34E+01   6.23E+03   1.95E+00
conglomerado    4         415   2.28E+00   9.38E+01   6.24E+03   1.89E+00
conglomerado    4         416   2.27E+00   1.12E+02   6.24E+03   1.99E+00
conglomerado    4         417   2.28E+00   8.94E+01   6.06E+03   2.02E+00
conglomerado    4         418   2.31E+00   9.82E+01   5.67E+03   2.09E+00
conglomerado    4         419   2.29E+00   1.03E+02   6.43E+03   2.04E+00
conglomerado    4         420   2.26E+00   9.36E+01   6.22E+03   2.09E+00
conglomerado    4         421   2.27E+00   1.00E+02   5.64E+03   1.92E+00
conglomerado    4         422   2.29E+00   9.29E+01   6.09E+03   2.07E+00
conglomerado    4         423   2.32E+00   9.52E+01   5.96E+03   1.99E+00
conglomerado    4         424   2.31E+00   9.71E+01   5.87E+03   1.99E+00
conglomerado    4         425   2.27E+00   9.38E+01   5.82E+03   2.03E+00
conglomerado    4         426   2.31E+00   1.05E+02   6.41E+03   2.04E+00
conglomerado    4         427   2.31E+00   9.34E+01   6.02E+03   1.95E+00
conglomerado    4         428   2.29E+00   1.07E+02   6.15E+03   1.87E+00
congl+emb1    451         429   2.26E+00   1.11E+02   2.19E+04   2.09E+00
congl+emb1    451         430   2.28E+00   9.59E+01   3.28E+04   2.11E+00
congl+emb1    451         431   2.34E+00   8.74E+01   5.28E+04   2.08E+00
congl+emb1    451         432   2.31E+00   9.59E+01   5.82E+04   2.19E+00
congl+emb1    451         433   2.34E+00   9.29E+01   8.21E+04   2.28E+00
congl+emb1    451         434   2.37E+00   9.43E+01   9.37E+04   2.23E+00
congl+emb1    451         435   2.37E+00   9.48E+01   1.04E+05   2.08E+00
congl+emb1    451         436   2.32E+00   8.94E+01   1.25E+05   2.29E+00
congl+emb1    451         437   2.37E+00   9.06E+01   1.27E+05   2.40E+00
congl+emb1    451         438   2.36E+00   9.48E+01   1.53E+05   2.32E+00
congl+emb1    451         439   2.36E+00   9.11E+01   1.47E+05   2.37E+00
congl+emb1    451         440   2.36E+00   8.94E+01   1.80E+05   2.70E+00
congl+emb1    451         441   2.45E+00   8.81E+01   2.11E+05   2.23E+00
congl+emb1    451         442   2.35E+00   8.33E+01   2.24E+05   2.40E+00
congl+emb1    451         443   2.37E+00   7.97E+01   2.02E+05   2.50E+00
congl+emb1    451         444   2.34E+00   8.73E+01   2.19E+05   2.70E+00
congl+emb1    451         445   2.39E+00   7.99E+01   2.39E+05   2.31E+00
congl+emb1    451         446   2.40E+00   8.59E+01   2.64E+05   2.57E+00
congl+emb1    451         447   2.39E+00   7.79E+01   2.73E+05   2.79E+00
congl+emb1    451         448   2.38E+00   8.26E+01   2.96E+05   2.28E+00
congl+emb1    451         449   2.41E+00   7.81E+01   3.21E+05   2.52E+00
congl+emb1    451         450   2.42E+00   7.35E+01   3.04E+05   2.92E+00
congl+emb2    452         451   2.43E+00   7.45E+01   3.34E+05   2.71E+00
congl+emb2    452         452   2.43E+00   7.17E+01   3.46E+05   2.79E+00
congl+emb2    452         453   2.44E+00   7.33E+01   3.78E+05   2.68E+00
congl+emb2    452         454   2.45E+00   6.58E+01   3.79E+05   2.83E+00
congl+emb2    452         455   2.44E+00   7.64E+01   4.19E+05   3.07E+00
congl+emb2    452         456   2.52E+00   6.84E+01   4.13E+05   2.93E+00
congl+emb2    452         457   2.50E+00   7.01E+01   5.01E+05   2.63E+00
congl+emb2    452         458   2.46E+00   7.06E+01   4.46E+05   2.95E+00
congl+emb2    452         459   2.48E+00   6.89E+01   4.80E+05   2.68E+00
congl+emb2    452         460   2.46E+00   6.31E+01   4.84E+05   3.29E+00
congl+emb2    452         461   2.49E+00   6.66E+01   5.26E+05   2.86E+00
congl+emb2    452         462   2.44E+00   6.28E+01   4.90E+05   2.91E+00
congl+emb2    452         463   2.49E+00   5.72E+01   5.16E+05   2.70E+00
congl+emb2    452         464   2.47E+00   5.43E+01   5.14E+05   3.02E+00
congl+emb2    452         465   2.54E+00   5.89E+01   5.80E+05   3.64E+00
congl+emb2    452         466   2.51E+00   5.50E+01   5.69E+05   2.94E+00
congl+emb2    452         467   2.55E+00   5.06E+01   6.14E+05   3.28E+00
congl+emb2    452         468   2.51E+00   5.12E+01   6.13E+05   3.15E+00
congl+emb2    452         469   2.49E+00   5.53E+01   5.77E+05   3.44E+00
congl+emb2    452         470   2.57E+00   5.49E+01   5.99E+05   3.33E+00
congl+emb2    452         471   2.52E+00   5.21E+01   6.43E+05   3.48E+00
congl+emb2    452         472   2.60E+00   5.01E+01   5.81E+05   3.28E+00
congl+emb3    453         473   2.58E+00   4.79E+01   6.33E+05   3.70E+00
congl+emb3    453         474   2.58E+00   4.61E+01   6.79E+05   3.51E+00
congl+emb3    453         475   2.51E+00   4.74E+01   7.45E+05   3.92E+00
congl+emb3    453         476   2.60E+00   4.76E+01   8.10E+05   3.51E+00
congl+emb3    453         477   2.59E+00   4.39E+01   6.32E+05   3.67E+00
congl+emb3    453         478   2.56E+00   4.64E+01   7.61E+05   3.42E+00
congl+emb3    453         479   2.61E+00   3.91E+01   6.87E+05   3.65E+00
congl+emb3    453         480   2.65E+00   4.14E+01   7.72E+05   3.88E+00
congl+emb3    453         481   2.52E+00   4.39E+01   7.47E+05   3.58E+00
congl+emb3    453         482   2.60E+00   3.87E+01   7.97E+05   4.07E+00
congl+emb3    453         483   2.56E+00   3.83E+01   8.25E+05   3.61E+00
congl+emb3    453         484   2.59E+00   3.57E+01   8.36E+05   3.96E+00
congl+emb3    453         485   2.58E+00   3.41E+01   8.78E+05   3.81E+00
congl+emb3    453         486   2.57E+00   3.99E+01   8.91E+05   3.30E+00
congl+emb3    453         487   2.64E+00   3.53E+01   9.26E+05   3.82E+00
congl+emb3    453         488   2.66E+00   3.17E+01   8.62E+05   4.29E+00
congl+emb3    453         489   2.64E+00   3.17E+01   8.81E+05   4.11E+00
congl+emb3    453         490   2.65E+00   3.16E+01   9.56E+05   4.10E+00
congl+emb3    453         491   2.64E+00   3.00E+01   9.56E+05   4.05E+00
congl+emb3    453         492   2.64E+00   3.14E+01   9.24E+05   4.17E+00
congl+emb3    453         493   2.65E+00   2.86E+01   8.69E+05   4.35E+00
congl+emb3    453         494   2.63E+00   2.73E+01   9.70E+05   4.57E+00
congl+emb4    454         495   2.61E+00   2.70E+01   9.11E+05   4.32E+00
congl+emb4    454         496   2.65E+00   2.45E+01   9.95E+05   4.24E+00
congl+emb4    454         497   2.64E+00   2.19E+01   1.06E+06   4.58E+00
congl+emb4    454         498   2.72E+00   2.15E+01   1.06E+06   4.31E+00
congl+emb4    454         499   2.73E+00   2.14E+01   1.05E+06   4.34E+00
congl+emb4    454         500   2.74E+00   2.20E+01   1.08E+06   4.26E+00
congl+emb4    454         501   2.80E+00   1.73E+01   9.83E+05   4.72E+00
congl+emb4    454         502   2.75E+00   1.87E+01   1.13E+06   4.23E+00
congl+emb4    454         503   2.73E+00   1.71E+01   9.35E+05   4.82E+00
congl+emb4    454         504   2.72E+00   1.52E+01   1.14E+06   4.29E+00
congl+emb4    454         505   2.77E+00   1.50E+01   1.11E+06   5.30E+00
congl+emb4    454         506   2.72E+00   1.28E+01   1.11E+06   4.70E+00
congl+emb4    454         507   2.73E+00   1.10E+01   1.11E+06   4.92E+00
congl+emb4    454         508   2.72E+00   1.17E+01   1.16E+06   4.70E+00
congl+emb4    454         509   2.77E+00   9.97E+00   1.27E+06   4.80E+00
congl+emb4    454         510   2.78E+00   8.29E+00   1.27E+06   5.11E+00
congl+emb4    454         511   2.77E+00   6.74E+00   1.23E+06   4.45E+00
congl+emb4    454         512   2.78E+00   6.25E+00   1.20E+06   4.26E+00
congl+emb4    454         513   2.74E+00   5.15E+00   1.27E+06   4.68E+00
congl+emb4    454         514   2.79E+00   3.96E+00   1.26E+06   4.71E+00
congl+emb4    454         515   2.77E+00   3.19E+00   1.18E+06   5.33E+00
congl+emb4    454         516   2.77E+00   1.78E+00   1.31E+06   5.02E+00
embasamento     5         517   2.80E+00   6.23E-01   1.31E+06   5.36E+00
embasamento     5         518   2.85E+00   5.94E-01   1.22E+06   5.17E+00
embasamento     5         519   2.87E+00   6.52E-01   1.27E+06   4.70E+00
embasamento     5         520   2.77E+00   7.44E-01   1.29E+06   4.77E+00
embasamento     5         521   2.81E+00   6.69E-01   1.36E+06   4.90E+00
embasamento     5         522   2.86E+00   6.31E-01   1.41E+06   4.82E+00
embasamento     5         523   2.83E+00   6.82E-01   1.24E+06   4.87E+00
embasamento     5         524   2.77E+00   7.45E-01   1.21E+06   4.67E+00
embasamento     5         525   2.89E+00   6.76E-01   1.35E+06   5.00E+00
embasamento     5         526   2.76E+00   6.92E-01   1.32E+06   4.95E+00
embasamento     5         527   2.83E+00   7.05E-01   1.34E+06   5.10E+00
embasamento     5         528   2.80E+00   6.69E-01   1.32E+06   4.86E+00
embasamento     5         529   2.77E+00   6.52E-01   1.36E+06   5.04E+00
embasamento     5         530   2.77E+00   6.29E-01   1.25E+06   4.75E+00
embasamento     5         531   2.85E+00   7.37E-01   1.15E+06   4.80E+00
embasamento     5         532   2.76E+00   6.99E-01   1.32E+06   5.03E+00
embasamento     5         533   2.76E+00   6.70E-01   1.38E+06   5.24E+00
embasamento     5         534   2.77E+00   6.52E-01   1.38E+06   4.77E+00
embasamento     5         535   2.81E+00   7.27E-01   1.32E+06   5.11E+00
embasamento     5         536   2.77E+00   7.38E-01   1.29E+06   5.53E+00
embasamento     5         537   2.78E+00   6.89E-01   1.21E+06   4.81E+00
embasamento     5         538   2.77E+00   6.51E-01   1.36E+06   4.78E+00
embasamento     5         539   2.85E+00   7.05E-01   1.35E+06   5.35E+00
embasamento     5         540   2.80E+00   7.01E-01   1.35E+06   4.76E+00
embasamento     5         541   2.89E+00   7.27E-01   1.34E+06   5.30E+00
embasamento     5         542   2.80E+00   6.54E-01   1.25E+06   5.23E+00
embasamento     5         543   2.76E+00   6.65E-01   1.30E+06   4.48E+00
embasamento     5         544   2.83E+00   7.83E-01   1.28E+06   5.12E+00
embasamento     5         545   2.78E+00   6.99E-01   1.33E+06   4.79E+00
embasamento     5         546   2.78E+00   6.85E-01   1.22E+06   5.11E+00
embasamento     5         547   2.79E+00   7.09E-01   1.21E+06   4.83E+00
embasamento     5         548   2.80E+00   7.01E-01   1.37E+06   5.19E+00
embasamento     5         549   2.84E+00   6.80E-01   1.24E+06   5.28E+00
embasamento     5         550   2.81E+00   6.61E-01   1.34E+06   4.73E+00
embasamento     5         551   2.79E+00   6.96E-01   1.30E+06   5.23E+00
embasamento     5         552   2.78E+00   6.65E-01   1.31E+06   5.12E+00
embasamento     5         553   2.79E+00   6.60E-01   1.14E+06   4.99E+00
embasamento     5         554   2.80E+00   7.21E-01   1.35E+06   5.69E+00
embasamento     5         555   2.76E+00   7.30E-01   1.31E+06   4.87E+00
embasamento     5         556   2.75E+00   7.05E-01   1.31E+06   4.67E+00
embasamento     5         557   2.77E+00   6.83E-01   1.30E+06   5.06E+00
embasamento     5         558   2.79E+00   7.02E-01   1.22E+06   5.20E+00
embasamento     5         559   2.82E+00   6.77E-01   1.35E+06   4.50E+00
embasamento     5         560   2.80E+00   6.55E-01   1.23E+06   5.00E+00
embasamento     5         561   2.83E+00   7.28E-01   1.35E+06   4.66E+00
embasamento     5         562   2.79E+00   7.15E-01   1.47E+06   4.65E+00
embasamento     5         563   2.82E+00   6.66E-01   1.32E+06   4.98E+00
embasamento     5         564   2.82E+00   6.84E-01   1.25E+06   5.37E+00
embasamento     5         565   2.80E+00   6.52E-01   1.32E+06   5.03E+00
embasamento     5         566   2.81E+00   6.90E-01   1.20E+06   4.65E+00
embasamento     5         567   2.76E+00   6.67E-01   1.18E+06   4.90E+00
embasamento     5         568   2.80E+00   7.13E-01   1.28E+06   5.05E+00
embasamento     5         569   2.82E+00   6.43E-01   1.28E+06   5.11E+00
embasamento     5         570   2.79E+00   7.81E-01   1.29E+06   4.70E+00
embasamento     5         571   2.78E+00   7.32E-01   1.29E+06   4.75E+00
embasamento     5         572   2.81E+00   6.94E-01   1.22E+06   5.30E+00
embasamento     5         573   2.74E+00   7.07E-01   1.39E+06   5.59E+00
embasamento     5         574   2.78E+00   6.96E-01   1.30E+06   4.74E+00
embasamento     5         575   2.81E+00   6.31E-01   1.30E+06   4.79E+00
embasamento     5         576   2.78E+00   6.66E-01   1.41E+06   4.87E+00
embasamento     5         577   2.82E+00   7.50E-01   1.21E+06   4.72E+00
embasamento     5         578   2.80E+00   7.29E-01   1.31E+06   5.14E+00
embasamento     5         579   2.84E+00   6.96E-01   1.28E+06   4.48E+00
embasamento     5         580   2.78E+00   7.15E-01   1.31E+06   4.90E+00
embasamento     5         581   2.83E+00   7.01E-01   1.36E+06   4.81E+00
embasamento     5         582   2.78E+00   6.13E-01   1.31E+06   5.56E+00
embasamento     5         583   2.79E+00   7.31E-01   1.30E+06   4.84E+00
embasamento     5         584   2.84E+00   7.40E-01   1.29E+06   5.22E+00
embasamento     5         585   2.76E+00   6.39E-01   1.39E+06   5.05E+00
embasamento     5         586   2.73E+00   7.98E-01   1.23E+06   4.45E+00
embasamento     5         587   2.82E+00   6.92E-01   1.22E+06   5.16E+00
embasamento     5         588   2.76E+00   7.69E-01   1.37E+06   4.88E+00
embasamento     5         589   2.74E+00   6.42E-01   1.41E+06   4.67E+00
embasamento     5         590   2.73E+00   7.31E-01   1.26E+06   4.79E+00
embasamento     5         591   2.82E+00   7.20E-01   1.15E+06   5.32E+00
embasamento     5         592   2.77E+00   7.42E-01   1.25E+06   5.26E+00
embasamento     5         593   2.76E+00   6.90E-01   1.33E+06   4.69E+00
embasamento     5         594   2.76E+00   7.04E-01   1.27E+06   5.05E+00
embasamento     5         595   2.80E+00   6.89E-01   1.37E+06   4.99E+00
embasamento     5         596   2.79E+00   6.94E-01   1.34E+06   4.99E+00
embasamento     5         597   2.81E+00   6.88E-01   1.44E+06   5.07E+00
embasamento     5         598   2.82E+00   6.14E-01   1.32E+06   4.89E+00
embasamento     5         599   2.75E+00   6.66E-01   1.37E+06   5.83E+00
embasamento     5         600   2.81E+00   7.51E-01   1.38E+06   5.44E+00
embasamento     5         601   2.83E+00   7.53E-01   1.23E+06   4.91E+00
embasamento     5         602   2.82E+00   6.90E-01   1.30E+06   5.17E+00
embasamento     5         603   2.80E+00   6.60E-01   1.39E+06   4.77E+00
embasamento     5         604   2.79E+00   7.40E-01   1.32E+06   5.03E+00
embasamento     5         605   2.81E+00   7.45E-01   1.29E+06   5.34E+00
embasamento     5         606   2.75E+00   7.07E-01   1.29E+06   5.30E+00
embasamento     5         607   2.76E+00   6.23E-01   1.39E+06   4.69E+00
embasamento     5         608   2.77E+00   6.53E-01   1.30E+06   5.19E+00
embasamento     5         609   2.80E+00   6.62E-01   1.33E+06   5.27E+00
embasamento     5         610   2.77E+00   7.19E-01   1.38E+06   5.71E+00
embasamento     5         611   2.81E+00   7.13E-01   1.21E+06   5.11E+00
embasamento     5         612   2.82E+00   6.60E-01   1.24E+06   5.37E+00
embasamento     5         613   2.79E+00   6.80E-01   1.43E+06   4.89E+00
embasamento     5         614   2.84E+00   7.51E-01   1.38E+06   4.73E+00
embasamento     5         615   2.88E+00   6.74E-01   1.29E+06   4.80E+00
embasamento     5         616   2.82E+00   7.81E-01   1.27E+06   5.12E+00
embasamento     5         617   2.81E+00   7.13E-01   1.23E+06   5.28E+00
embasamento     5         618   2.79E+00   6.52E-01   1.24E+06   5.30E+00
embasamento     5         619   2.80E+00   6.56E-01   1.28E+06   5.35E+00
embasamento     5         620   2.86E+00   7.46E-01   1.34E+06   5.13E+00
embasamento     5         621   2.79E+00   7.51E-01   1.36E+06   5.05E+00
embasamento     5         622   2.82E+00   7.45E-01   1.31E+06   5.29E+00
embasamento     5         623   2.82E+00   6.70E-01   1.25E+06   4.74E+00
embasamento     5         624   2.80E+00   6.93E-01   1.20E+06   5.10E+00
embasamento     5         625   2.79E+00   7.15E-01   1.21E+06   5.06E+00
embasamento     5         626   2.82E+00   7.09E-01   1.33E+06   5.27E+00
embasamento     5         627   2.78E+00   6.49E-01   1.42E+06   5.22E+00
embasamento     5         628   2.83E+00   6.86E-01   1.40E+06   5.26E+00
embasamento     5         629   2.81E+00   7.13E-01   1.37E+06   5.00E+00
embasamento     5         630   2.81E+00   7.30E-01   1.32E+06   5.49E+00
embasamento     5         631   2.77E+00   6.60E-01   1.33E+06   4.39E+00
embasamento     5         632   2.78E+00   7.17E-01   1.38E+06   5.50E+00
embasamento     5         633   2.77E+00   6.89E-01   1.39E+06   5.44E+00
embasamento     5         634   2.84E+00   7.14E-01   1.38E+06   5.44E+00
embasamento     5         635   2.84E+00   7.35E-01   1.36E+06   4.47E+00
embasamento     5         636   2.84E+00   7.12E-01   1.34E+06   4.88E+00
embasamento     5         637   2.77E+00   6.45E-01   1.39E+06   5.03E+00
embasamento     5         638   2.74E+00   6.90E-01   1.38E+06   5.22E+00
embasamento     5         639   2.74E+00   7.49E-01   1.35E+06   5.33E+00
embasamento     5         640   2.80E+00   6.99E-01   1.21E+06   4.78E+00
embasamento     5         641   2.84E+00   7.08E-01   1.27E+06   5.09E+00
embasamento     5         642   2.78E+00   6.89E-01   1.28E+06   5.01E+00
embasamento     5         643   2.79E+00   7.95E-01   1.28E+06   5.09E+00
embasamento     5         644   2.71E+00   6.39E-01   1.31E+06   4.98E+00
embasamento     5         645   2.79E+00   6.58E-01   1.21E+06   5.11E+00
embasamento     5         646   2.75E+00   6.60E-01   1.21E+06   4.64E+00
embasamento     5         647   2.78E+00   6.67E-01   1.29E+06   5.52E+00
embasamento     5         648   2.80E+00   7.19E-01   1.45E+06   4.91E+00
embasamento     5         649   2.79E+00   6.96E-01   1.33E+06   5.14E+00
embasamento     5         650   2.79E+00   7.60E-01   1.33E+06   5.31E+00
embasamento     5         651   2.77E+00   7.02E-01   1.33E+06   4.51E+00
embasamento     5         652   2.73E+00   7.12E-01   1.25E+06   5.02E+00
embasamento     5         653   2.79E+00   6.97E-01   1.39E+06   5.33E+00
embasamento     5         654   2.79E+00   6.21E-01   1.33E+06   5.23E+00
embasamento     5         655   2.86E+00   7.51E-01   1.37E+06   4.64E+00
embasamento     5         656   2.77E+00   7.02E-01   1.33E+06   5.09E+00
embasamento     5         657   2.83E+00   6.60E-01   1.26E+06   5.33E+00
embasamento     5         658   2.75E+00   6.38E-01   1.15E+06   5.14E+00
embasamento     5         659   2.81E+00   7.28E-01   1.42E+06   5.06E+00
embasamento     5         660   2.80E+00   7.03E-01   1.30E+06   5.20E+00
embasamento     5         661   2.77E+00   7.42E-01   1.32E+06   5.08E+00
embasamento     5         662   2.80E+00   7.05E-01   1.33E+06   4.99E+00
embasamento     5         663   2.80E+00   6.55E-01   1.32E+06   5.29E+00
embasamento     5         664   2.83E+00   7.46E-01   1.23E+06   5.05E+00
embasamento     5         665   2.81E+00   6.57E-01   1.37E+06   4.99E+00
embasamento     5         666   2.80E+00   6.97E-01   1.23E+06   5.37E+00
embasamento     5         667   2.79E+00   6.62E-01   1.17E+06   4.35E+00
embasamento     5         668   2.82E+00   7.06E-01   1.37E+06   5.01E+00
embasamento     5         669   2.79E+00   7.02E-01   1.22E+06   4.77E+00
embasamento     5         670   2.76E+00   7.05E-01   1.33E+06   4.63E+00
embasamento     5         671   2.79E+00   6.96E-01   1.21E+06   5.12E+00
embasamento     5         672   2.84E+00   7.08E-01   1.26E+06   5.03E+00
embasamento     5         673   2.82E+00   6.77E-01   1.39E+06   5.14E+00
embasamento     5         674   2.82E+00   7.31E-01   1.27E+06   5.16E+00
embasamento     5         675   2.79E+00   6.89E-01   1.29E+06   5.00E+00
embasamento     5         676   2.77E+00   7.57E-01   1.21E+06   4.39E+00
embasamento     5         677   2.85E+00   7.17E-01   1.24E+06   4.70E+00
embasamento     5         678   2.79E+00   7.10E-01   1.38E+06   5.30E+00
embasamento     5         679   2.80E+00   6.23E-01   1.43E+06   4.81E+00
embasamento     5         680   2.78E+00   6.85E-01   1.17E+06   4.63E+00
embasamento     5         681   2.79E+00   7.60E-01   1.24E+06   4.63E+00
embasamento     5         682   2.81E+00   7.25E-01   1.28E+06   4.78E+00
embasamento     5         683   2.84E+00   6.59E-01   1.36E+06   4.67E+00
embasamento     5         684   2.77E+00   6.72E-01   1.26E+06   4.78E+00
embasamento     5         685   2.80E+00   6.57E-01   1.37E+06   4.85E+00
embasamento     5         686   2.81E+00   6.77E-01   1.29E+06   5.42E+00
embasamento     5         687   2.81E+00   6.93E-01   1.29E+06   4.87E+00
embasamento     5         688   2.77E+00   6.36E-01   1.38E+06   5.08E+00
embasamento     5         689   2.80E+00   6.76E-01   1.32E+06   4.85E+00
embasamento     5         690   2.87E+00   7.02E-01   1.36E+06   5.56E+00
embasamento     5         691   2.86E+00   6.98E-01   1.24E+06   4.61E+00
embasamento     5         692   2.77E+00   6.91E-01   1.39E+06   5.30E+00
embasamento     5         693   2.85E+00   6.76E-01   1.26E+06   4.76E+00
embasamento     5         694   2.81E+00   6.97E-01   1.32E+06   5.82E+00
embasamento     5         695   2.80E+00   6.79E-01   1.21E+06   4.40E+00
embasamento     5         696   2.79E+00   7.13E-01   1.33E+06   5.60E+00
embasamento     5         697   2.81E+00   6.95E-01   1.32E+06   5.02E+00
embasamento     5         698   2.75E+00   7.59E-01   1.29E+06   5.11E+00
embasamento     5         699   2.75E+00   7.16E-01   1.27E+06   5.12E+00
embasamento     5         700   2.86E+00   7.03E-01   1.27E+06   5.62E+00
embasamento     5         701   2.78E+00   7.12E-01   1.29E+06   5.36E+00
embasamento     5         702   2.83E+00   6.65E-01   1.29E+06   5.01E+00
embasamento     5         703   2.78E+00   7.09E-01   1.25E+06   5.29E+00
embasamento     5         704   2.79E+00   7.14E-01   1.27E+06   4.79E+00
embasamento     5         705   2.76E+00   7.32E-01   1.31E+06   5.00E+00
embasamento     5         706   2.80E+00   6.83E-01   1.30E+06   4.47E+00
embasamento     5         707   2.74E+00   7.41E-01   1.25E+06   4.89E+00
embasamento     5         708   2.78E+00   6.76E-01   1.26E+06   4.57E+00
embasamento     5         709   2.87E+00   6.84E-01   1.23E+06   5.62E+00
embasamento     5         710   2.80E+00   6.29E-01   1.30E+06   5.43E+00
embasamento     5         711   2.83E+00   7.31E-01   1.24E+06   5.21E+00
embasamento     5         712   2.78E+00   7.17E-01   1.20E+06   4.49E+00
embasamento     5         713   2.76E+00   7.38E-01   1.43E+06   4.39E+00
embasamento     5         714   2.83E+00   7.68E-01   1.32E+06   5.13E+00
embasamento     5         715   2.79E+00   6.86E-01   1.32E+06   5.05E+00
embasamento     5         716   2.73E+00   7.83E-01   1.24E+06   5.58E+00
embasamento     5         717   2.82E+00   6.88E-01   1.29E+06   5.00E+00
embasamento     5         718   2.75E+00   7.16E-01   1.30E+06   5.17E+00
embasamento     5         719   2.81E+00   7.22E-01   1.28E+06   4.70E+00
embasamento     5         720   2.79E+00   6.66E-01   1.39E+06   5.33E+00
embasamento     5         721   2.76E+00   6.95E-01   1.25E+06   4.91E+00
embasamento     5         722   2.80E+00   7.14E-01   1.31E+06   4.73E+00
embasamento     5         723   2.79E+00   7.39E-01   1.28E+06   4.56E+00
embasamento     5         724   2.86E+00   6.62E-01   1.31E+06   5.33E+00
embasamento     5         725   2.81E+00   6.83E-01   1.32E+06   5.03E+00
embasamento     5         726   2.81E+00   6.95E-01   1.32E+06   4.90E+00
embasamento     5         727   2.79E+00   7.07E-01   1.16E+06   5.41E+00
embasamento     5         728   2.82E+00   7.17E-01   1.27E+06   4.84E+00
embasamento     5         729   2.79E+00   7.28E-01   1.31E+06   4.95E+00
embasamento     5         730   2.79E+00   6.91E-01   1.22E+06   4.84E+00
embasamento     5         731   2.83E+00   7.01E-01   1.18E+06   4.76E+00
embasamento     5         732   2.86E+00   7.38E-01   1.18E+06   4.99E+00
embasamento     5         733   2.82E+00   6.50E-01   1.44E+06   5.05E+00
embasamento     5         734   2.76E+00   6.55E-01   1.33E+06   4.88E+00
embasamento     5         735   2.83E+00   6.61E-01   1.27E+06   5.23E+00
embasamento     5         736   2.77E+00   6.65E-01   1.23E+06   4.79E+00
embasamento     5         737   2.81E+00   6.86E-01   1.31E+06   4.28E+00
embasamento     5         738   2.79E+00   7.36E-01   1.23E+06   4.85E+00
embasamento     5         739   2.79E+00   6.81E-01   1.27E+06   4.83E+00
embasamento     5         740   2.81E+00   6.50E-01   1.26E+06   4.71E+00
embasamento     5         741   2.77E+00   7.43E-01   1.30E+06   4.90E+00
embasamento     5         742   2.76E+00   7.34E-01   1.31E+06   4.72E+00
embasamento     5         743   2.77E+00   7.48E-01   1.36E+06   5.14E+00
embasamento     5         744   2.72E+00   7.10E-01   1.33E+06   5.32E+00
embasamento     5         745   2.81E+00   7.43E-01   1.38E+06   5.49E+00
embasamento     5         746   2.86E+00   7.30E-01   1.29E+06   5.33E+00
embasamento     5         747   2.85E+00   7.85E-01   1.33E+06   4.82E+00
embasamento     5         748   2.78E+00   7.34E-01   1.09E+06   5.06E+00
embasamento     5         749   2.79E+00   7.04E-01   1.33E+06   4.67E+00
embasamento     5         750   2.84E+00   6.90E-01   1.23E+06   4.88E+00
embasamento     5         751   2.80E+00   7.03E-01   1.20E+06   5.24E+00
embasamento     5         752   2.79E+00   5.92E-01   1.24E+06   4.68E+00
embasamento     5         753   2.81E+00   7.04E-01   1.49E+06   4.96E+00
embasamento     5         754   2.76E+00   6.80E-01   1.34E+06   4.54E+00
embasamento     5         755   2.73E+00   7.38E-01   1.29E+06   5.01E+00
embasamento     5         756   2.81E+00   6.79E-01   1.20E+06   4.71E+00
embasamento     5         757   2.86E+00   7.19E-01   1.47E+06   5.06E+00
embasamento     5         758   2.79E+00   7.36E-01   1.31E+06   5.14E+00
embasamento     5         759   2.83E+00   7.64E-01   1.28E+06   5.50E+00
embasamento     5         760   2.81E+00   6.81E-01   1.37E+06   5.18E+00
embasamento     5         761   2.82E+00   7.25E-01   1.22E+06   5.49E+00
embasamento     5         762   2.78E+00   7.15E-01   1.31E+06   5.12E+00
embasamento     5         763   2.76E+00   6.72E-01   1.43E+06   5.21E+00
embasamento     5         764   2.77E+00   7.80E-01   1.31E+06   4.95E+00
embasamento     5         765   2.82E+00   6.58E-01   1.24E+06   5.33E+00
embasamento     5         766   2.79E+00   6.92E-01   1.15E+06   4.68E+00
embasamento     5         767   2.82E+00   6.53E-01   1.28E+06   5.18E+00
embasamento     5         768   2.81E+00   6.88E-01   1.36E+06   5.36E+00
embasamento     5         769   2.88E+00   6.55E-01   1.30E+06   4.86E+00
embasamento     5         770   2.79E+00   7.12E-01   1.34E+06   5.04E+00
embasamento     5         771   2.78E+00   7.83E-01   1.21E+06   4.89E+00
embasamento     5         772   2.83E+00   6.56E-01   1.41E+06   5.34E+00
embasamento     5         773   2.82E+00   6.99E-01   1.30E+06   5.48E+00
embasamento     5         774   2.81E+00   7.40E-01   1.28E+06   5.32E+00
embasamento     5         775   2.80E+00   7.13E-01   1.20E+06   5.59E+00
embasamento     5         776   2.90E+00   6.94E-01   1.14E+06   4.15E+00
embasamento     5         777   2.81E+00   6.85E-01   1.30E+06   4.78E+00
embasamento     5         778   2.84E+00   6.95E-01   1.33E+06   4.85E+00
embasamento     5         779   2.81E+00   7.51E-01   1.39E+06   5.07E+00
embasamento     5         780   2.85E+00   6.22E-01   1.38E+06   5.37E+00
embasamento     5         781   2.83E+00   6.39E-01   1.19E+06   4.94E+00
embasamento     5         782   2.83E+00   7.56E-01   1.32E+06   4.65E+00
embasamento     5         783   2.83E+00   6.70E-01   1.38E+06   5.06E+00
embasamento     5         784   2.78E+00   7.18E-01   1.34E+06   5.18E+00
embasamento     5         785   2.78E+00   6.84E-01   1.29E+06   5.41E+00
embasamento     5         786   2.78E+00   7.14E-01   1.30E+06   4.63E+00
embasamento     5         787   2.79E+00   7.69E-01   1.29E+06   4.38E+00
embasamento     5         788   2.79E+00   6.77E-01   1.33E+06   4.99E+00
embasamento     5         789   2.72E+00   7.18E-01   1.41E+06   4.98E+00
embasamento     5         790   2.80E+00   6.76E-01   1.22E+06   5.12E+00
embasamento     5         791   2.79E+00   6.50E-01   1.26E+06   4.91E+00
embasamento     5         792   2.81E+00   7.23E-01   1.23E+06   4.74E+00
embasamento     5         793   2.83E+00   6.78E-01   1.40E+06   4.91E+00
embasamento     5         794   2.83E+00   7.51E-01   1.24E+06   4.53E+00
embasamento     5         795   2.86E+00   7.03E-01   1.27E+06   5.49E+00
