 Matriz w:
    1.00E+00     1.00E+00     1.00E+00     1.00E+00
    1.00E+00     1.00E+00     1.00E+00     1.00E+00
    1.00E+00     1.00E+00     1.00E+00     1.00E+00
    1.00E+00     1.00E+00     1.00E+00     1.00E+00
    1.00E+00     1.00E+00     1.00E+00     1.00E+00
    1.00E+00     1.00E+00     1.00E+00     1.00E+00
    1.00E+00     1.00E+00     1.00E+00     1.00E+00
    1.00E+00     1.00E+00     1.00E+00     1.00E+00
 Matriz wt
    1.00E+00     1.00E+00     1.00E+00     1.00E+00     1.00E+00     1.00E+00     1.00E+00     1.00E+00
    1.00E+00     1.00E+00     1.00E+00     1.00E+00     1.00E+00     1.00E+00     1.00E+00     1.00E+00
    1.00E+00     1.00E+00     1.00E+00     1.00E+00     1.00E+00     1.00E+00     1.00E+00     1.00E+00
    1.00E+00     1.00E+00     1.00E+00     1.00E+00     1.00E+00     1.00E+00     1.00E+00     1.00E+00
