Litologia     codigo      prof  dens       gama       rho        vel
    				x1	   x2         x3          x4
congl+emb2    452         473   2.46E+00   7.15E+01   3.26E+05   2.92E+00
congl+emb2    452         474   2.46E+00   7.00E+01   3.49E+05   2.76E+00
congl+emb2    452         475   2.38E+00   7.32E+01   3.81E+05   3.07E+00
congl+emb2    452         476   2.46E+00   7.47E+01   4.13E+05   2.73E+00
congl+emb2    452         477   2.45E+00   7.01E+01   3.21E+05   2.85E+00
congl+emb2    452         478   2.42E+00   7.55E+01   3.85E+05   2.64E+00
congl+emb2    452         479   2.47E+00   6.49E+01   3.47E+05   2.81E+00
congl+emb2    452         480   2.50E+00   7.00E+01   3.89E+05   2.97E+00


                                x1        x2        x3           x4
folhelho        1           6   2.51E+00   9.94E+01   9.94E+03   2.83E+00
dolomita        2          51   2.70E+00   8.16E+00   3.54E+03   6.39E+00
diabasio        3         101   2.92E+00   3.07E+01   1.58E+08   5.56E+00
conglomerado    4         220   2.30E+00   9.45E+01   5.85E+03   1.99E+00
embasamento     5         628   2.83E+00   6.86E-01   1.40E+06   5.26E+00
congl+emb1    451         456   2.45E+00   8.20E+01   2.35E+05   2.52E+00
congl+emb3    453         524   2.53E+00   5.33E+01   6.11E+05   3.27E+00
congl+emb4    454         576   2.66E+00   2.42E+01   1.06E+06   4.14E+00
