Litologia     codigo      prof  dens       gama       rho        vel
    				x1	   x2         x3          x4
congl+emb1    451         452   2.37E+00   8.26E+01   2.05E+05   2.45E+00
congl+emb1    451         453   2.38E+00   8.53E+01   2.21E+05   2.34E+00
congl+emb1    451         454   2.39E+00   7.72E+01   2.20E+05   2.46E+00
congl+emb1    451         455   2.37E+00   9.06E+01   2.41E+05   2.66E+00
congl+emb1    451         456   2.45E+00   8.20E+01   2.35E+05   2.52E+00
congl+emb1    451         457   2.43E+00   8.49E+01   2.82E+05   2.25E+00
congl+emb1    451         458   2.39E+00   8.64E+01   2.50E+05   2.51E+00
congl+emb1    451         459   2.40E+00   8.54E+01   2.66E+05   2.26E+00

                                x1        x2        x3           x4
folhelho        1           6   2.51E+00   9.94E+01   9.94E+03   2.83E+00
dolomita        2          51   2.70E+00   8.16E+00   3.54E+03   6.39E+00
diabasio        3         101   2.92E+00   3.07E+01   1.58E+08   5.56E+00
conglomerado    4         220   2.30E+00   9.45E+01   5.85E+03   1.99E+00
embasamento     5         628   2.83E+00   6.86E-01   1.40E+06   5.26E+00
congl+emb2    452         472   2.47E+00   7.36E+01   3.00E+05   2.60E+00
congl+emb3    453         524   2.53E+00   5.33E+01   6.11E+05   3.27E+00
congl+emb4    454         576   2.66E+00   2.42E+01   1.06E+06   4.14E+00


