Litologia     codigo      prof  dens       gama       rho        vel
    				x1	   x2         x3          x4
congl+emb3    453         534   2.55E+00   4.22E+01   7.62E+05   3.48E+00
congl+emb3    453         535   2.58E+00   4.66E+01   7.38E+05   3.75E+00
congl+emb3    453         536   2.56E+00   4.68E+01   7.24E+05   4.07E+00
congl+emb3    453         537   2.57E+00   4.32E+01   6.83E+05   3.55E+00
congl+emb3    453         538   2.56E+00   4.04E+01   7.76E+05   3.54E+00
congl+emb3    453         539   2.63E+00   4.33E+01   7.75E+05   3.99E+00
congl+emb3    453         540   2.59E+00   4.26E+01   7.85E+05   3.56E+00
congl+emb3    453         541   2.68E+00   4.36E+01   7.87E+05   3.98E+00

                                x1        x2        x3           x4
folhelho        1           6   2.51E+00   9.94E+01   9.94E+03   2.83E+00
dolomita        2          51   2.70E+00   8.16E+00   3.54E+03   6.39E+00
diabasio        3         101   2.92E+00   3.07E+01   1.58E+08   5.56E+00
conglomerado    4         220   2.30E+00   9.45E+01   5.85E+03   1.99E+00
embasamento     5         628   2.83E+00   6.86E-01   1.40E+06   5.26E+00
congl+emb1    451         420   2.26E+00   9.32E+01   1.26E+04   2.10E+00
congl+emb2    452         472   2.47E+00   7.36E+01   3.00E+05   2.60E+00
congl+emb4    454         576   2.66E+00   2.42E+01   1.06E+06   4.14E+00
