Litologia     codigo      prof  dens       gama       rho        vel
    				x1	   x2         x3          x4
congl+emb4    454         592   2.69E+00   1.89E+01   1.04E+06   4.72E+00
congl+emb4    454         593   2.68E+00   1.71E+01   1.11E+06   4.22E+00
congl+emb4    454         594   2.68E+00   1.69E+01   1.06E+06   4.56E+00
congl+emb4    454         595   2.73E+00   1.61E+01   1.15E+06   4.52E+00
congl+emb4    454         596   2.71E+00   1.58E+01   1.14E+06   4.53E+00
congl+emb4    454         597   2.74E+00   1.52E+01   1.23E+06   4.62E+00
congl+emb4    454         598   2.75E+00   1.31E+01   1.13E+06   4.47E+00
congl+emb4    454         599   2.69E+00   1.38E+01   1.18E+06   5.35E+00

                                x1        x2        x3           x4
folhelho        1           6   2.51E+00   9.94E+01   9.94E+03   2.83E+00
dolomita        2          51   2.70E+00   8.16E+00   3.54E+03   6.39E+00
diabasio        3         101   2.92E+00   3.07E+01   1.58E+08   5.56E+00
conglomerado    4         220   2.30E+00   9.45E+01   5.85E+03   1.99E+00
embasamento     5         628   2.83E+00   6.86E-01   1.40E+06   5.26E+00
congl+emb1    451         420   2.26E+00   9.32E+01   1.26E+04   2.10E+00
congl+emb2    452         472   2.47E+00   7.36E+01   3.00E+05   2.60E+00
congl+emb3    453         539   2.63E+00   4.33E+01   7.75E+05   3.99E+00
